60629
60618
60639
60647
60804
60632
60617
60608
60625
60623
60634
60657
60614
60620
60641
60640
60628
60609
60402
60651
60619
60638
60453
60016
60056
60630
60622
60411
60004
60120
60626
60613
60649
60010
60616
60643
60645
60644
60637
60659
60067
60062
60660
60707
60652
60610
60193
60615
60025
60462
60103
60107
60068
60477
60133
60090
60201
60089
60624
60074
60202
60409
60611
60653
60612
60007
60302
60076
60631
60714
60636
60169
60525
60527
60438
60607
60018
60646
60005
60655
60077
60605
60459
60621
60091
60663
60487
60452
60706
60053
60439
60160
60467
60679
60473
60827
60153
60406
60172
60443
60642
60656
60426
60803
60131
60008
60654
60419
60194
60597
60093
60430
60164
60513
60466
60805
60104
60455
60304
60465
60546
60521
60070
60154
60429
60445
60457
60601
60173
60463
60478
60633
60130
60026
60526
60458
60712
60415
60558
60428
60192
60501
60422
60176
60305
60471
60534
60418
60482
60661
60475
60464
60162
60171
60022
60155
60425
60606
60398
60195
60461
60480
60472
60469
60163
60208
60203
60165
60456
60476
60301
60043
60602
60669
60603
60604
60029
60141
60179
60209
60290
60204
60675
60688
60701
60082
60664
60668
60666
60670
60674
60673
60677
60678
60681
60680
60684
60682
60686
60685
60687
60690
60689
60693
60691
60695
60694
60697
60696
60699
60006
60009
60011
60017
60019
60454
60499
60038
60055
60065
60078
60094
60095
60159
60161
60168
60196
60303
60412